275 25 20 11
0 19 23 15 22 21 3 6 17 0 5 8 13 1 20 14 24 4 7 12 18
1 17 14 18 12 0 11 19 22 24 1 10 9 8 16 4 6 2 20 13 7
2 13 7 5 18 0 4 11 15 16 20 24 10 3 6 22 12 23 21 17 2
3 18 19 17 14 9 20 5 3 11 24 22 0 13 23 15 6 10 1 21 12
4 11 15 23 21 6 19 4 0 2 3 18 22 12 7 17 14 20 10 5 24
5 16 19 5 23 8 2 17 10 3 21 9 7 18 6 12 13 20 0 24 22
6 10 6 17 23 5 18 0 1 11 21 12 19 7 15 16 24 3 14 2 9
7 22 23 10 8 2 17 16 21 13 4 12 24 6 19 20 3 11 5 14 7
8 9 19 21 18 4 1 14 2 6 0 8 3 7 16 13 24 17 5 10 22
9 13 9 24 20 22 15 3 2 10 1 17 18 16 7 19 5 21 8 11 23
10 7 3 13 11 8 20 0 14 5 10 6 24 2 4 1 12 21 9 18 22
11 3 20 11 14 13 10 6 18 5 1 0 16 12 2 23 7 8 21 19 15
12 13 4 19 1 12 20 14 16 9 3 21 24 17 23 10 15 7 18 6 0
13 17 11 2 13 12 4 18 6 3 5 15 14 10 16 9 23 8 22 19 20
14 12 18 4 20 3 24 13 21 23 1 17 9 16 11 14 2 0 8 10 22
15 7 18 8 22 2 5 9 0 6 23 10 16 14 20 4 17 21 12 1 15
16 8 2 7 24 10 0 11 3 16 12 6 19 20 13 5 21 4 18 22 1
17 11 5 4 17 23 15 24 8 10 18 13 20 22 19 6 16 9 14 12 1
18 0 11 6 5 19 15 21 4 23 10 18 20 13 9 1 14 3 24 7 16
19 24 10 17 11 13 20 9 2 22 5 6 15 18 7 0 12 21 1 8 4
20 19 18 11 16 4 22 2 0 12 9 3 23 20 14 17 24 13 10 5 6
21 0 10 14 22 2 23 17 3 11 24 6 18 5 8 9 1 7 12 20 19
22 5 13 9 19 21 18 10 12 16 14 8 7 0 4 17 3 24 22 11 6
23 10 4 18 23 2 1 7 15 20 21 5 12 3 16 14 13 0 22 19 6
24 16 10 2 5 14 20 17 6 4 18 1 8 21 11 0 13 7 19 15 9
25 8 1 11 6 22 10 9 13 4 5 3 2 12 19 0 20 21 15 23 24
26 17 0 6 18 22 21 3 23 11 9 8 24 5 7 15 13 19 4 16 10
27 20 5 16 19 8 1 4 21 14 13 9 12 15 23 2 17 18 0 22 6
28 4 6 14 21 17 10 19 2 16 23 8 15 13 9 3 24 0 7 12 18
29 2 11 20 3 1 10 6 8 17 5 18 13 0 14 24 22 19 15 16 4
30 16 1 22 5 8 7 10 11 21 14 9 23 3 17 15 18 24 19 4 20
31 20 8 11 19 16 24 22 9 3 10 21 7 12 5 17 13 23 6 0 18
32 2 21 13 9 22 12 7 10 4 8 20 0 17 11 16 6 14 24 3 19
33 10 11 5 23 13 15 21 17 4 3 2 8 9 12 16 6 7 18 14 0
34 8 6 18 23 19 10 1 5 15 2 11 4 3 0 24 17 12 20 16 7
35 18 2 4 16 8 3 9 20 22 7 19 21 23 14 24 0 12 11 15 10
36 14 15 18 1 12 22 4 21 6 24 16 11 23 2 0 17 20 7 9 19
37 4 3 9 12 14 0 18 23 20 6 10 5 21 8 7 11 19 2 13 17
38 15 20 6 11 1 9 8 5 7 18 10 21 3 2 4 22 17 0 16 14
39 23 17 2 12 18 20 8 0 14 22 11 13 24 10 7 21 16 19 6 9
40 0 10 23 7 5 18 12 20 17 22 8 13 6 21 4 2 24 1 9 15
41 0 21 17 22 12 14 6 19 24 10 2 8 23 5 9 13 16 20 15 1
42 0 1 21 17 6 12 19 15 18 13 20 3 4 16 2 24 8 7 22 11
43 18 0 21 8 6 17 3 12 19 4 20 24 5 9 22 10 14 2 11 16
44 9 3 24 21 2 16 14 8 18 20 7 0 4 11 12 1 17 5 22 15
45 3 20 15 13 8 9 0 18 2 24 22 14 19 12 7 10 5 1 4 21
46 15 9 13 5 1 11 23 10 21 20 4 18 22 19 12 17 24 6 16 7
47 10 15 9 7 24 8 23 19 11 18 22 16 17 0 3 20 6 5 12 14
48 6 12 13 22 14 18 0 24 16 3 15 8 20 10 11 21 7 4 1 19
49 13 2 19 23 1 14 20 10 4 6 3 18 17 9 12 21 16 24 7 15
50 4 3 10 6 9 1 15 17 5 18 8 2 14 13 24 21 11 7 19 12
51 17 4 2 16 13 14 18 24 6 11 15 23 19 0 8 22 20 7 1 12
52 0 23 7 9 20 3 5 1 17 22 15 14 21 19 4 8 16 18 11 6
53 2 22 21 11 8 24 1 10 5 9 20 17 15 18 23 3 14 19 4 7
54 5 12 11 3 4 16 15 19 0 18 7 22 9 20 23 21 24 1 8 17
55 5 21 15 4 9 17 19 20 6 10 24 8 23 16 13 1 3 18 14 22
56 16 14 22 23 21 3 0 1 11 7 24 13 2 17 20 6 10 15 19 4
57 21 1 6 12 5 14 11 0 2 23 3 17 10 18 22 20 16 9 24 15
58 23 19 15 8 16 9 2 18 21 22 5 13 0 6 1 11 12 20 24 17
59 7 13 20 1 21 15 5 10 11 23 9 4 2 3 0 22 19 18 8 12
60 3 12 7 8 9 13 24 1 23 16 5 22 4 15 0 14 18 21 17 10
61 21 10 9 2 7 23 18 17 22 5 14 13 0 3 16 1 20 11 6 4
62 13 12 9 10 15 7 8 4 16 23 20 6 19 11 0 21 14 2 3 1
63 18 5 22 13 24 9 11 2 23 20 7 14 3 17 15 0 19 21 6 8
64 16 12 15 4 5 7 22 24 0 10 20 13 21 18 19 3 6 8 23 1
65 5 24 3 13 20 11 9 18 23 19 2 6 15 4 0 1 8 22 7 16
66 0 3 10 22 18 19 11 15 9 21 23 13 20 24 5 16 7 1 4 6
67 12 14 10 24 17 0 3 1 19 9 5 7 21 16 8 11 15 18 22 4
68 23 10 22 4 16 14 6 5 19 8 24 15 0 11 1 17 18 12 9 21
69 17 1 22 12 11 15 9 24 7 0 21 23 10 16 5 2 18 8 13 6
70 8 17 6 14 21 19 18 13 11 3 2 15 24 16 20 7 12 23 10 1
71 14 21 20 13 18 0 4 1 17 24 7 6 22 8 23 12 15 10 19 3
72 0 1 11 13 19 16 20 6 7 22 5 12 15 9 3 4 23 8 18 17
73 5 13 7 18 0 8 23 10 24 11 16 17 21 22 14 12 4 9 1 6
74 7 13 10 14 21 8 24 0 19 6 5 9 12 17 20 2 11 18 1 16
75 8 2 10 13 17 9 22 11 19 12 21 23 7 24 16 18 4 20 6 15
76 24 19 14 13 3 17 22 5 1 21 11 10 9 12 6 4 7 16 20 15
77 8 20 23 12 6 7 17 0 18 3 2 16 19 5 22 21 11 13 10 1
78 22 16 2 17 14 3 0 10 7 19 1 6 11 18 9 21 4 12 20 15
79 4 7 9 1 0 2 23 18 15 17 22 20 19 8 5 12 21 6 16 11
80 3 16 8 4 17 19 5 2 13 24 11 22 18 14 20 0 15 1 6 9
81 9 8 21 6 1 14 15 17 22 7 0 19 2 20 24 4 10 13 5 23
82 6 8 19 16 5 15 3 4 10 17 22 13 14 1 0 18 23 20 11 24
83 7 0 24 11 6 5 13 3 9 14 22 15 2 18 21 1 4 8 10 16
84 13 9 1 4 22 18 21 16 14 5 6 11 8 7 12 23 24 10 0 19
85 3 8 14 10 24 15 23 2 19 0 16 6 11 18 12 21 22 17 4 20
86 11 14 7 13 3 5 6 15 22 19 24 17 0 16 9 20 23 4 10 12
87 5 10 24 22 0 21 7 4 19 1 3 20 15 16 14 18 9 13 11 8
88 16 9 14 1 23 15 24 6 11 22 18 0 4 19 21 10 13 12 7 2
89 4 24 9 17 3 20 15 18 10 2 1 16 21 12 11 14 23 8 6 13
90 3 12 23 22 20 1 15 8 24 0 13 4 7 16 17 19 10 18 21 9
91 0 15 2 12 23 14 20 16 11 5 9 10 13 24 7 17 18 6 3 1
92 24 7 16 17 15 4 22 6 14 1 20 21 12 11 8 13 10 3 19 2
93 5 1 24 4 9 20 13 12 19 14 11 2 17 0 8 23 18 3 15 22
94 9 4 5 0 1 19 15 2 23 17 7 20 11 10 18 3 14 13 21 6
95 20 0 24 11 7 19 4 6 10 17 12 3 13 18 16 2 15 23 9 5
96 1 9 7 15 21 8 20 12 18 13 5 3 6 11 24 10 23 14 22 2
97 16 19 5 24 6 23 10 2 13 20 0 17 3 14 15 4 12 1 21 22
98 19 10 23 0 21 14 16 3 17 5 13 9 24 18 12 7 2 11 4 20
99 3 6 17 16 18 1 8 10 7 21 13 22 24 0 5 19 23 11 14 20
100 17 10 20 15 5 9 24 21 4 11 3 1 16 7 2 13 8 14 18 23
101 2 19 0 12 15 20 21 5 8 3 17 24 1 11 16 10 7 14 9 23
102 21 9 6 8 19 24 2 16 12 14 15 7 20 3 23 22 0 1 11 18
103 1 13 6 8 17 9 3 16 10 19 0 22 21 20 15 2 12 23 5 18
104 24 20 3 5 23 8 2 18 19 6 22 7 15 21 10 14 0 16 1 4
105 1 17 9 14 6 0 23 7 8 21 16 11 22 2 12 20 13 4 10 24
106 11 13 6 14 7 1 17 0 19 9 12 4 8 15 10 24 21 20 22 23
107 21 9 14 22 18 17 19 8 12 16 1 24 7 11 0 4 20 3 6 15
108 20 4 12 8 14 17 24 6 3 9 5 0 18 1 21 16 10 2 15 7
109 8 22 17 14 1 5 18 11 23 19 24 21 9 3 6 7 15 4 0 16
110 14 22 15 12 7 17 8 18 13 10 4 5 20 16 9 24 1 21 6 2
111 0 2 15 3 6 18 13 14 8 10 24 4 23 16 11 21 12 20 5 9
112 24 10 6 15 16 19 21 3 4 7 11 22 18 20 13 2 9 17 14 8
113 16 20 13 7 4 2 19 5 9 24 12 15 8 11 0 18 22 3 17 1
114 2 19 1 12 17 22 6 15 13 9 8 0 20 18 24 11 7 21 3 5
115 3 13 17 20 23 24 8 1 12 22 19 4 11 18 16 0 15 21 7 5
116 14 8 22 2 18 17 0 19 11 21 7 3 13 12 10 4 20 9 1 5
117 15 1 0 24 19 18 4 12 10 11 20 8 2 17 16 5 23 21 7 13
118 6 18 14 4 16 21 2 7 23 13 3 20 19 0 9 10 5 24 17 11
119 19 15 0 20 17 10 5 7 14 6 16 22 13 9 24 23 8 4 21 18
120 20 18 16 11 8 4 1 21 24 23 12 22 14 7 3 19 5 9 15 10
121 18 0 12 24 1 7 5 17 10 19 8 22 2 14 3 13 11 15 4 20
122 17 15 13 6 23 11 3 9 10 5 24 20 16 8 18 7 12 2 14 1
123 23 22 24 15 1 17 14 21 12 2 4 19 5 3 6 16 8 7 11 20
124 19 21 22 12 24 15 16 10 5 8 9 23 1 2 3 17 4 14 0 11
125 16 22 8 10 15 11 13 18 24 1 6 19 2 23 5 7 3 12 0 20
126 8 7 6 21 11 15 18 22 5 13 17 14 24 16 4 9 20 19 3 12
127 17 22 13 19 18 21 5 2 7 10 1 14 16 6 4 23 11 3 8 24
128 17 23 5 0 18 20 11 8 9 2 1 24 21 10 16 7 13 19 12 3
129 17 9 1 7 20 14 3 10 18 24 4 19 23 2 11 5 12 8 16 15
130 8 7 9 21 10 16 12 4 15 5 11 22 20 1 17 3 2 0 18 19
131 23 10 1 13 21 19 9 6 20 17 0 15 7 8 24 4 11 18 12 22
132 12 0 1 14 23 21 10 16 18 4 2 24 5 22 20 6 13 9 11 19
133 16 4 17 9 7 12 6 0 1 15 22 5 19 14 2 11 8 13 23 10
134 19 20 4 7 13 16 15 11 24 10 6 2 14 0 1 18 9 21 17 23
135 16 4 7 14 9 1 23 19 20 2 21 10 17 22 18 3 0 24 15 12
136 2 11 0 18 22 12 13 24 20 1 14 21 4 16 8 3 17 7 19 15
137 22 12 15 10 8 11 19 18 20 5 13 21 16 24 9 0 4 7 14 17
138 24 3 9 20 21 16 7 0 17 22 10 12 1 8 14 23 6 18 19 4
139 11 13 10 19 7 14 21 22 3 15 18 23 6 12 8 16 0 1 5 9
140 13 0 14 2 11 18 16 4 21 20 9 10 22 1 24 17 3 7 12 8
141 22 9 12 17 21 1 5 3 24 2 11 14 20 7 15 19 6 18 13 4
142 24 5 4 19 11 3 17 15 18 7 9 8 16 21 14 2 6 10 20 22
143 5 13 0 23 8 6 1 2 7 10 3 20 21 24 14 16 17 18 12 4
144 3 22 7 0 15 21 4 6 1 17 5 9 20 11 12 14 13 2 10 19
145 6 4 0 20 5 11 15 13 10 22 1 8 16 18 17 7 24 14 23 12
146 5 16 24 10 17 2 23 15 6 18 0 3 9 1 20 19 14 12 22 21
147 0 23 2 18 4 16 14 9 3 22 11 24 13 21 8 12 1 5 10 6
148 8 5 23 19 11 22 17 7 21 13 6 12 14 16 10 9 0 24 15 3
149 22 14 6 9 8 23 16 12 5 7 3 13 4 20 19 17 18 2 1 11
150 18 8 2 12 11 23 24 14 4 1 16 22 6 17 15 5 7 3 19 9
151 8 11 21 4 24 2 16 1 17 18 7 13 15 0 6 10 14 3 9 20
152 11 24 9 5 4 18 12 7 15 19 21 6 16 1 22 13 14 20 0 2
153 23 18 12 17 0 2 19 16 6 1 3 24 14 11 21 7 8 5 13 4
154 13 0 18 5 2 16 9 22 6 17 14 4 15 19 20 21 3 24 10 7
155 6 9 19 21 5 11 16 0 23 14 13 3 20 22 2 10 4 1 7 8
156 5 23 12 11 10 17 6 20 3 22 21 2 13 14 7 0 9 1 24 16
157 1 2 4 15 0 12 13 16 24 23 7 3 8 6 20 19 18 22 5 11
158 18 1 7 2 15 13 22 4 5 0 14 19 17 10 6 12 9 11 23 24
159 1 3 16 8 14 24 4 0 21 5 11 12 20 15 2 18 10 13 9 17
160 20 12 16 22 15 23 17 7 5 21 4 2 10 0 11 24 14 1 18 13
161 24 12 3 20 2 7 10 9 23 5 0 13 21 14 1 11 8 19 22 6
162 20 2 24 22 9 10 13 0 5 6 15 8 7 21 1 11 17 14 16 3
163 17 11 23 8 10 14 24 18 21 1 3 19 15 9 6 12 0 4 5 20
164 15 8 21 6 12 23 9 1 20 5 4 16 17 18 13 19 22 24 3 10
165 0 2 4 24 12 17 22 8 14 3 20 19 9 18 5 7 13 11 10 1
166 22 13 8 1 9 20 23 17 14 12 2 24 16 5 3 7 21 10 18 19
167 15 22 3 8 9 10 20 6 13 0 21 11 14 24 7 16 2 4 5 17
168 7 9 4 6 13 1 23 15 16 17 21 18 22 10 3 14 0 24 2 19
169 3 19 2 10 7 6 24 11 23 8 13 21 0 9 18 17 12 5 15 16
170 0 9 18 22 10 6 17 11 16 12 3 19 7 23 1 5 20 21 13 14
171 9 24 7 20 4 6 5 23 14 16 3 22 1 11 8 17 18 12 13 10
172 13 9 14 4 22 12 5 15 17 11 24 0 18 19 8 7 20 10 23 3
173 11 17 7 19 10 13 4 16 15 14 18 21 20 2 1 5 23 3 9 24
174 2 7 20 5 16 10 19 13 24 15 11 14 18 8 22 0 3 21 23 12
175 2 11 9 10 20 24 14 22 1 18 23 6 0 8 17 16 21 5 19 15
176 13 19 12 18 10 9 0 6 5 15 24 7 11 4 1 14 23 3 17 8
177 7 13 23 17 9 24 1 6 18 5 10 22 20 11 19 14 15 3 2 21
178 9 6 21 3 22 23 7 10 20 24 17 4 14 8 1 15 2 13 12 0
179 21 15 14 5 2 0 1 3 23 18 6 10 16 20 24 19 11 13 9 17
180 21 18 16 2 0 6 17 20 19 15 9 12 10 1 8 22 23 3 7 4
181 20 3 0 15 2 6 17 4 22 12 10 7 11 5 8 24 21 16 1 23
182 14 0 3 22 4 12 8 21 13 23 9 24 6 7 20 15 11 2 5 10
183 0 10 17 2 22 13 11 23 14 8 1 16 12 9 5 24 19 15 18 3
184 18 17 9 5 12 1 6 20 19 7 15 8 14 4 16 10 24 2 0 13
185 18 1 8 6 17 23 19 9 5 22 4 3 24 14 11 10 16 0 13 15
186 21 15 20 18 6 19 23 10 2 4 14 0 16 7 17 3 8 11 1 12
187 9 23 20 10 3 1 8 5 17 6 18 14 13 24 21 15 22 11 7 16
188 21 15 9 13 14 17 22 11 20 4 0 18 12 19 24 16 10 5 2 1
189 11 22 4 12 0 1 17 13 18 21 6 3 14 7 15 23 10 24 5 16
190 21 20 23 9 19 0 13 4 18 17 7 5 14 2 8 6 15 12 1 16
191 2 1 18 6 12 21 8 15 20 3 10 14 9 5 4 24 13 17 19 16
192 10 7 20 18 24 22 1 15 23 9 19 0 4 5 8 6 14 11 12 17
193 12 9 14 17 2 15 10 21 5 13 11 18 22 24 0 4 16 1 23 7
194 9 23 6 12 20 17 11 13 8 1 5 4 19 21 0 16 2 15 18 3
195 7 9 5 1 20 3 17 19 12 21 18 4 8 23 14 6 22 24 10 16
196 17 2 19 10 23 9 0 11 12 14 18 15 24 1 3 16 22 8 4 5
197 13 15 9 6 7 18 10 22 12 8 16 19 1 24 3 0 2 4 17 14
198 18 16 22 7 15 5 9 20 1 17 8 14 6 4 12 11 0 21 10 13
199 9 14 19 3 8 7 22 1 12 6 21 5 17 20 24 10 16 4 13 11
200 22 15 12 21 10 13 7 4 16 8 0 11 17 24 3 6 19 9 5 18
201 13 11 8 5 9 24 21 23 17 3 12 0 15 22 19 18 7 4 1 20
202 23 6 21 10 22 11 0 1 5 14 13 17 12 16 9 2 8 15 7 3
203 6 2 12 15 5 13 16 18 7 1 24 10 20 4 8 9 11 14 3 21
204 12 6 2 10 8 22 19 16 13 20 24 21 9 7 0 14 4 15 3 1
205 13 3 21 16 6 22 2 17 12 9 19 15 20 11 23 7 18 5 10 1
206 23 2 10 13 15 9 5 18 24 11 3 19 12 21 4 22 6 20 14 8
207 22 18 24 10 0 15 1 8 6 19 12 21 4 9 2 3 14 17 13 5
208 4 15 2 12 24 9 6 23 11 14 17 5 10 22 20 8 18 16 21 0
209 21 16 20 11 0 3 10 7 2 19 15 22 12 8 5 23 13 24 4 1
210 24 1 12 2 18 0 15 7 21 22 5 9 3 17 23 14 11 10 13 16
211 21 5 14 7 0 8 16 13 3 1 11 19 10 12 15 24 6 18 4 20
212 3 12 6 7 19 1 16 8 18 17 4 2 9 22 10 13 23 5 0 20
213 18 24 2 13 7 11 3 0 1 8 21 17 12 23 14 16 10 19 15 6
214 16 13 4 17 22 7 19 14 24 5 8 18 21 12 6 20 0 15 2 11
215 14 2 17 22 9 18 21 23 24 0 20 5 3 6 16 13 11 12 4 10
216 6 9 10 14 24 1 4 21 13 22 5 18 12 3 2 19 7 0 20 11
217 8 6 17 15 11 21 16 20 22 18 23 2 3 7 12 19 9 10 14 5
218 19 24 14 12 4 3 17 8 9 1 20 0 6 7 13 10 22 23 15 21
219 23 1 14 10 20 17 18 22 24 4 9 0 11 8 19 6 12 2 5 3
220 15 17 12 0 6 8 22 7 9 1 10 19 13 21 18 24 11 20 5 2
221 15 11 24 16 1 5 19 2 13 7 8 21 10 17 12 0 22 4 18 23
222 20 16 10 17 13 5 9 18 3 2 1 24 23 6 11 12 14 8 19 21
223 24 9 15 13 17 18 21 3 14 8 20 22 2 0 4 12 5 6 16 23
224 17 16 7 24 12 15 1 3 22 0 11 10 2 20 14 9 5 8 19 4
225 2 12 6 19 15 11 23 17 24 18 14 0 16 7 1 21 13 9 20 22
226 13 11 20 23 19 15 1 10 4 5 2 7 17 12 0 8 9 6 14 22
227 7 4 12 0 16 8 18 5 15 13 21 20 22 23 3 11 14 1 19 10
228 12 6 15 8 17 20 21 16 22 24 1 7 4 11 0 5 2 9 14 19
229 12 24 5 18 16 19 10 11 23 6 0 3 14 9 15 20 7 8 2 1
230 6 7 12 15 16 21 3 14 0 1 4 8 23 13 19 18 10 9 2 11
231 15 17 18 1 11 20 16 21 5 10 9 4 8 19 7 14 13 0 12 2
232 20 17 3 14 24 22 18 10 23 16 13 7 8 2 11 0 4 1 12 15
233 6 3 13 12 18 1 22 23 20 21 24 11 10 8 19 4 14 9 15 17
234 9 19 16 10 14 23 1 0 24 8 4 12 17 5 21 2 22 7 6 18
235 20 15 6 16 3 23 13 7 24 5 18 1 14 2 10 11 0 12 9 8
236 9 7 0 20 17 6 10 16 22 14 19 23 18 15 4 12 8 2 3 5
237 5 7 13 14 16 6 23 8 1 21 9 15 20 17 11 18 10 24 0 12
238 19 13 2 24 5 3 6 14 15 16 23 10 4 21 9 8 20 0 12 18
239 23 12 15 14 8 13 20 2 21 16 18 11 1 22 6 4 19 5 0 9
240 16 9 22 17 12 7 0 2 1 5 14 13 10 11 20 6 21 18 24 4
241 17 5 16 4 6 21 19 15 11 12 18 3 24 2 13 0 23 10 14 1
242 12 23 21 22 3 19 0 5 4 20 9 6 7 2 11 18 16 13 8 24
243 1 14 3 7 2 10 13 24 17 18 6 8 12 5 22 19 4 20 11 9
244 21 3 5 2 16 22 12 17 4 9 18 20 6 24 19 13 11 10 14 0
245 15 3 17 0 9 10 19 18 6 5 23 11 7 8 4 24 22 1 13 20
246 20 0 1 10 4 21 22 23 24 18 16 7 19 8 14 2 15 5 11 3
247 11 3 9 19 18 23 15 22 17 12 10 16 14 6 24 1 5 20 4 2
248 21 1 24 7 16 15 13 12 17 22 5 10 9 2 4 20 11 23 6 19
249 7 10 3 4 21 19 13 23 18 2 15 5 22 20 9 16 1 12 14 17
250 21 7 0 10 1 3 8 17 15 13 16 9 12 6 23 22 24 2 20 14
251 0 5 8 22 1 21 13 6 20 14 16 24 18 4 12 15 9 17 10 3
252 23 3 0 12 20 14 10 19 21 11 9 8 17 22 16 24 1 15 6 18
253 23 3 8 7 1 17 22 9 0 20 12 10 24 19 18 16 15 21 6 5
254 18 16 10 8 7 13 2 17 6 19 4 0 23 12 21 5 14 11 9 1
255 5 10 14 0 7 9 23 1 2 11 20 24 12 21 18 3 17 4 22 19
256 9 0 13 22 23 19 17 16 8 24 7 14 6 12 3 20 4 15 18 10
257 3 0 8 6 5 1 17 23 10 11 24 2 18 21 14 9 22 20 16 19
258 12 20 16 0 1 24 18 5 10 9 3 2 14 23 6 7 21 8 22 15
259 18 7 5 4 19 6 17 24 16 23 15 0 2 11 1 21 12 22 9 13
260 12 22 1 17 23 9 19 15 16 3 20 5 4 6 14 21 7 10 24 0
261 24 5 23 20 3 21 0 13 22 17 8 11 9 19 10 6 15 2 7 12
262 14 8 10 21 5 1 6 17 13 24 7 9 12 19 15 23 0 11 20 18
263 20 2 7 11 18 1 16 22 24 23 10 8 17 9 13 15 12 4 14 0
264 6 16 23 13 10 14 2 18 15 7 9 24 12 21 0 4 19 8 11 22
265 18 7 9 8 12 13 10 6 3 11 2 19 1 15 4 23 20 21 0 14
266 21 9 8 16 19 14 4 6 0 12 11 13 18 15 5 20 17 7 2 3
267 2 6 1 22 21 24 12 4 3 15 14 8 9 7 17 0 10 18 13 16
268 23 10 17 8 19 12 21 3 6 20 2 14 0 11 4 5 13 22 7 24
269 6 0 21 7 2 1 11 10 3 16 15 14 4 12 20 23 17 18 22 9
270 6 9 23 7 22 16 13 21 5 0 14 1 8 11 24 2 3 12 4 19
271 8 11 10 7 9 21 1 20 13 2 19 15 14 18 3 23 0 5 6 4
272 14 0 7 6 2 23 3 24 11 17 4 19 21 13 16 15 22 9 1 18
273 8 22 7 0 21 12 18 24 11 15 3 9 5 19 13 14 1 20 6 23
274 24 23 13 3 22 21 11 5 4 14 2 16 12 20 1 6 18 15 10 9
