70
17043579 11
4882886 7641798
17885966 7213561
11080301 9215201
8096041 13224208
10048137 13172519
19533711 3315253
14309876 563215
19377856 12115742
16560234 11882505
413710 7554262
13041431 15432556
17356418 33
6336702 8250835
7489164 16190680
5853059 3063488
2019984 15578737
2385736 2058473
18645623 14113250
11984552 8668509
9207719 2886986
10746946 12722768
3152555 4967053
5012362 5159217
19907180 15112613
15331982 11607619
5951802 14999550
6413175 10274921
13728331 1503313
8536580 4430590
14086877 4877522
10910975 8240920
10375663 10864280
5872860 3189369
249115 17171806
2156072 17155427
8241787 2738244
16306873 5950904
12764651 883145
16278438 15388126
7991448 13667611
19169025 16002413
17432045 4683328
18605492 4556406
6705507 12051018
4859369 958527
830197 18
7448227 97422
14342638 325051
11415214 780565
18953905 589217
17863292 93370
1550784 217594
12270918 247771
13713526 293621
19565724 370041
9597007 270166
13513395 10774
10852624 665377
6417785 150594
4817215 504954
9420876 340175
15934060 55756
17532611 233228
8007306 387337
6562247 83
14379573 5243025
12323046 751418
11029193 967502
14215789 1167671
12760169 228616
4433204 5187033
8941019 6510138
4748855 2256680
10095909 4722343
19919428 4567715
14691150 891396
12372508 5478556
6813588 5931294
13211629 4712800
6960886 1505532
11404731 3486368
2503054 5526434
13657874 5210441
18999837 5063072
10302688 3133805
6188403 5291954
1063003 1649851
18074840 125719
17436523 770378
8657903 2222309
11455408 4814703
4772653 3049266
19408794 98028
2929055 2621575
6240255 2369464
3689606 3359756
14062322 1773556
9499186 3827116
9281431 6485507
14429793 5704884
4879420 330687
124121 436957
16314457 5155703
15329396 5246081
1683982 374062
19009119 6245361
13685008 2677483
19148513 5364878
7937630 4136387
11216295 4937581
9435403 2374960
13407114 2472234
3826384 5549731
19900470 5505197
19767588 2344191
3101667 3347949
11440532 2724397
4769558 4354795
2378800 949571
17133389 2744159
10998503 1552385
4891996 5434938
11366470 3847568
11890394 3363760
18509379 5962679
12932076 4916025
13910806 1275118
10411425 5258222
15534774 5277969
14918451 3638517
17728838 4403202
5421618 6139077
10784822 4721652
6299867 5758773
18642954 4637745
10966429 5500174
15605762 4919782
12583002 3970812
16657570 1866247
9039806 4201824
3086992 1905717
17842960 4252100
16750947 3732562
11560219 1999686
6677568 4460771
7210865 4769669
9206894 3425505
2038054 1846238
11616245 55
484508 625456
8501255 10973879
11778184 4632576
6138989 1533942
15399351 3349234
13887787 10142607
5876699 11257001
1537701 4716933
19053280 2596075
12030895 4834770
8505057 3206702
16107783 953334
2559274 4181169
18622829 9825055
15622063 5052063
9145144 11515573
17907071 9401287
1911350 1476738
29792 5568278
1591615 4902179
8025174 8935767
6968277 10191678
19078285 8077667
19862925 1970733
18372284 7779157
5634868 3304768
17275901 8198357
11877741 9844802
13490031 3799296
19457048 6935625
3758419 689505
7271963 7425746
17841085 10319766
18805399 7777304
4778909 10396343
4225457 3508686
6291990 10423437
3138268 306810
9859109 7312349
18866036 11308682
1907835 709715
326542 2547608
59693 5978318
4401705 8668474
1937007 8104263
14894411 5660753
5682301 5985262
14864183 8636754
8637218 9922746
3230204 5826354
19434817 6678725
15031907 11156908
4311329 9980956
18116256 1865686
6329499 8132510
7944852 21
10275757 1600529
16856294 1330472
16536822 2846405
13978066 7164326
19605169 7532738
11529399 3391024
17374554 3998513
3109621 6334121
2696594 2510879
4490850 7267453
13529304 5708895
16724205 6507704
18776607 686582
4677622 3955351
16873648 5757122
2442162 5010119
2777552 5098289
4326568 6145383
13582184 1805480
1822971 2436631
18119515 3366350
13586425 67
16183188 9850391
248557 343285
9365466 13416248
11004950 10796897
12494020 5531594
14791345 4724343
55371 6091178
8080509 12632877
9122026 1812252
727167 6371990
12963891 8517252
19039653 6079262
1138184 6340640
7980840 8750204
8718868 9958559
4620053 5522500
7495008 9280230
4495661 2850958
159006 10319781
130850 2431585
17270801 4870698
4561427 9999414
9499514 932446
16880945 10418847
13908139 9249983
5989889 13235764
15321241 2546298
11717013 10998879
8559967 2283007
5945548 13426691
1719097 2314565
3359198 11893112
12256178 7120338
13482171 5929767
2842210 10782973
19686202 8263709
192076 1078760
5886203 10888513
4640117 3249202
1153874 13583551
7083431 13524595
4037641 8191272
17701208 7336020
1567696 7011257
361057 10655190
11390028 2473551
3205498 5443485
11784434 13289806
14427482 3031057
6025550 12506264
2541619 5282958
15659146 6977101
12108765 3688501
2906009 9727714
8882549 2826
851274 3043466
19529240 13200740
18529937 4367267
13804401 2877502
9546518 4834250
10246372 9826619
14912751 4369608
7498505 10259531
11042783 7909070
17750930 11977445
10194304 7214344
8379814 3774679
11661584 14
1192390 11429469
16971582 6603921
18952366 5699568
8500880 8647092
17735074 5829787
2982858 9329005
3603145 7575905
13254222 916276
19238858 4275227
11486212 3374614
437994 7404041
11164321 8848722
12204748 362993
174050 1810652
7406882 10
19302809 2382388
13346087 1491145
12288767 4537775
6819431 198138
4251629 6857140
13411111 6562907
7963496 5601045
12684262 7172391
1425985 1914660
5701275 3048654
10317387 69
14377718 255882
225538 1512115
17596790 2769804
8739218 2634141
14481131 689244
17872633 5191432
5409339 1322612
15122628 464135
18716273 140581
18160033 5617401
12179081 5834512
14229604 3756308
19643163 5291588
12013974 6072661
15980925 5151697
13927594 9332531
14412946 9981941
9400488 1122837
2870010 10177850
8473181 8903634
15387233 1228929
5096654 9521564
9537746 2808116
12235804 8176285
19538142 10207591
16860885 4209048
19242276 4275986
13262648 6438933
13365613 6499100
18555075 128075
14351723 9345631
10593275 2456614
1585269 6301615
17974863 3116795
12081310 9382383
1697381 3237119
15816651 1894620
4103619 4522475
9390879 3650885
3121202 5061887
1685194 2715538
12178250 3563206
9149740 3158658
16501066 5988490
12309012 10294613
15257113 2828270
9336931 2759350
7985619 7161422
11456745 8309702
10953226 5525171
11403889 3926405
13994031 1960322
14235647 5459085
18495274 9622497
17572008 9092415
4224403 7701594
12327772 7059149
2289414 5662368
2875756 8503388
9328498 8146045
36324 5567454
13095135 9625758
7328446 2209153
17367464 5169090
4379436 6273626
17873885 6481592
17237214 9118765
3867840 4360380
6637627 601817
6599532 98
9778450 646926
12064687 6265961
9918724 4896975
10269585 4083660
16174296 2004238
18522703 190764
1860684 5489405
3213473 2203019
11720726 1285317
7458589 4695124
457349 4179311
7340396 6444955
7409702 5257927
19920848 1425368
3003463 3276491
14761046 6513953
9250620 3392945
13993056 1350451
5773021 6127263
13799072 5861100
3195697 4615471
19693287 5345099
387388 2098224
9558774 6533324
15690714 3685252
10194210 4990182
3663302 273020
17615160 5748825
19685351 5714763
4971960 2819731
12401264 5378805
12402517 1586777
8198749 6278951
15939571 145166
18178775 2295864
433506 5475414
10413515 3336585
16947948 1540079
10015423 5299247
1444847 678132
13946882 3618603
17146976 4674942
3141845 477860
7362075 1665504
4499875 2273710
16070163 3570958
19269467 5868482
6609021 2724910
6973173 5869562
3414624 4066050
4386405 4391344
9785412 3605440
12580953 2788306
9286347 5861289
10825691 4471954
19690114 4847754
2862699 2408034
18911418 3560304
10405387 4979323
15322523 5548130
16618963 790822
5470912 1724044
6806760 2643735
923590 2490259
19247033 3806594
6518461 4875561
4623974 6076336
6030215 4252864
13842581 3234587
3739817 3311324
19287734 1830147
5654288 820367
19613099 1687816
662496 2604167
3592207 6297971
15477397 2737313
12357177 1650122
7871260 1162591
4740419 4673925
12716751 2082418
13851361 1978703
1697599 3809837
14796946 4031731
18998555 5836941
475035 1013002
4974001 1566501
13553213 804674
5839166 4002360
17633223 577868
14322967 5979541
13048906 6135950
8659364 1135785
12785646 264743
17310245 4733300
9382653 2898886
12999024 5941205
19714765 4893438
15079457 4200206
3079513 77
17933643 746336
18585128 2872733
9425342 472050
18487730 703057
2766414 2538053
5205129 2550767
6107704 2472621
13781556 654537
14705836 1239655
15762936 2900842
12659463 2332637
10126854 333771
19461579 1183260
13622844 137676
18804588 2386116
11665244 2923574
5199553 2544200
14467552 925915
8317144 949698
3161964 955470
15472595 2905124
17142600 2343620
14139805 2866525
2295439 1583240
14736328 729175
8658901 1028570
6969731 243575
12751663 1782956
12118014 2383737
3538716 2201815
1332061 50896
2257482 2364341
890108 185650
10145009 2023677
11932850 725121
1685184 162158
9522207 415408
8456714 2757806
2103597 1954160
15693428 889451
12933005 1719570
2329228 2866311
18515264 243223
8475540 2415577
19268638 1065311
18446727 1217522
7771386 1731158
9905127 2423194
8020345 832138
14627496 227772
2976076 2540114
15040964 2643720
766157 1884772
9066133 2687100
19850702 1563176
5945443 2222118
17480857 903697
17506351 1695471
12674343 2349997
9866281 2851079
1360956 2284184
5720650 194998
2982508 2120661
12814583 1299739
4893255 2409453
8810255 657117
3974095 151768
17395471 1330932
4503970 155779
12110481 173198
4993057 1409094
4839690 2548478
5153546 617781
1348301 1983420
12339889 894939
9307796 1244859
1741415 2545324
2299848 59
10050250 1152446
18703945 62918
19997665 915415
19474490 1859851
18820649 1268964
6778862 294848
17027098 1132741
1798597 1812902
18674471 2179217
17461639 1041721
12585258 385750
304220 99931
12318328 2251658
15241015 310726
8344451 231288
8561308 1490166
13557025 438926
14138734 1287560
16520514 1249373
7767102 795357
5437408 2267838
5820691 90478
3961961 475326
17862834 771370
19476015 537996
16181941 1786424
16906856 108366
885620 1211537
19528679 65355
1751906 1222414
4258058 1936176
883814 1113090
15139280 907774
15623821 95030
15416400 1219936
2730856 167981
12363350 1548191
14907632 774175
12990110 26164
19021734 1668149
204009 1951549
8027498 1591460
15201981 2173249
19562074 90256
7669509 2299313
6930050 1069279
14166371 595968
6585904 1388065
16426301 1728880
6026440 19103
9072277 2192449
7688783 340439
19182443 2186457
18253252 621161
16711714 1282975
4432424 362160
7644926 1534586
5258546 912975
17719410 498517
9275391 30
5942435 8826108
6754363 8115855
16450172 2549575
18354017 5758548
13172544 7882438
7139082 4698259
4240844 5655346
19717044 5975111
1982770 1149656
17692094 4358294
12815806 8745647
4809437 8232993
9591595 6914374
13409514 2791826
10094421 327899
938910 4796001
11941001 161815
3937306 3042898
7431185 3556385
2960995 3747393
14548950 6259711
4354406 2188124
7058684 6206364
15224896 8337772
9321293 2286812
10246109 6325179
160666 7960238
16988461 6800740
4369171 3830625
10315095 5509547
14166579 39
15790525 10863691
6608676 12361800
15105137 5620391
2965976 6653743
14583668 2773398
10975958 13362461
1674711 2651445
14250589 8275910
9930632 4387082
11352689 5346448
13178957 10795024
10078847 9960864
17915072 9651139
3216373 12803805
3207164 9068270
17450150 14042533
5451100 9981961
6061288 2309088
16660611 4390404
13424144 7229000
822432 11643855
9750775 1570716
10796236 12499572
11783468 3315156
9198898 11106862
2617605 11496147
16617006 6540641
16975959 5175566
6960557 1769026
19495357 3882829
16690370 10160492
11039749 6656272
15364004 4995778
18562906 13598825
5507587 11197368
3685958 10679846
386648 9321214
5211862 11754823
9533589 1564106
16532627 17
6310804 8041049
9902921 2767577
13517677 14657253
620255 543924
4750195 8546734
15415362 11593012
14096498 15835204
1347854 11913338
8511541 14716678
16559157 15031097
12145628 11340400
18485823 11046824
5738602 3799929
11828835 7662266
25292 7641386
4242088 12452842
13221510 11006661
5336887 6
16031153 3760886
17122421 2020546
19509345 1462004
3841957 2022095
506928 5039220
19518742 2327149
6368408 13
19620262 1961016
12674639 4503002
12502407 973978
3502117 6276316
14730412 5724536
9412127 4449739
3014135 4813990
17161846 2666181
2441986 6081580
14885169 556425
3809756 3323636
6314759 1252228
13484235 1317205
17225060 15
11928198 7975584
14986165 14295956
3195254 10249542
9079325 10704192
5625402 5841045
13926511 5908977
199262 14676333
11182870 10280355
7745757 699904
1814155 5155684
19028277 16235956
9258189 13121539
7678153 13045673
10887830 5733491
2574040 1503757
6218145 34
15095221 5463026
4307195 3088987
11031768 599729
19720208 1517957
17990121 84094
16243929 1504312
3600534 4980034
8076561 2720687
19747940 444323
7091335 5940406
5812030 3072431
2398024 2254487
7062403 845196
1651331 1617466
19488056 5291145
14178151 208838
19095365 2341988
12584532 2760158
17476831 4863980
16252611 1719894
9376157 1450485
4684297 318890
12135637 5359333
7631815 3136836
16689471 3358308
6996293 1106206
13011256 5310813
6636368 83655
18341599 4955183
17013603 4009682
6636569 3848444
16850635 3456465
9584554 1239140
13383954 2977157
14732506 54
19008486 13765637
16770090 5120037
1474009 11610078
18469937 10099873
13900349 2507174
1808995 3112026
9872618 67943
9031770 8898003
17958078 1874535
19012790 8690017
10913232 5323338
16149378 10485974
3047945 478747
8536188 8512137
2296903 5686905
2102150 12119872
15939239 14240323
9892808 10629379
16295922 14320564
887213 1725785
8463138 8478640
7282997 1639961
9828745 9123528
10984844 4675363
4750858 1166261
15588958 5076960
19086200 9722189
17935987 7533572
10469215 11174632
18170748 8079147
15606299 588764
1028471 3217740
3710755 10912952
9753116 4081757
8875231 12726829
15981720 11366115
7243716 13181218
17163951 7543685
2758257 7569638
1557415 5932915
14055344 11734001
13988729 180592
15334592 8958478
14164816 13312197
11862768 3209989
3309284 12734561
8137760 10963580
3348325 7308028
16718214 436541
14885787 5031933
6817585 4653197
15128373 12714319
10165941 9347818
8146269 10538690
12316372 69
12026886 8660478
12655391 4768818
18608165 6069492
4801101 11125852
18268871 10479523
270829 12296090
5603707 8531127
16820311 2489184
18469900 9885914
138106 11362157
12210131 9086219
14252737 4752844
4588288 9291748
14848086 1405645
8388946 2255330
4497213 5173757
7687525 557020
7518379 2561147
5557147 10456352
11598517 3622402
638160 9221253
8795406 10526762
381714 6157048
13221178 10962188
1944638 11779775
5115337 11508608
14211603 11795817
9121968 2564468
9053426 7395329
9880074 2764789
10738432 2074700
10373462 2199762
8335806 6309660
5368232 2003861
19274168 4121709
14572401 1352785
14393487 3716838
17848220 5631288
2164158 5984892
1881383 10140344
15621227 7037290
16843185 8495711
19029565 11131659
9686660 5868171
4853805 1211933
19698257 10810791
1233724 9611020
8661102 7189183
6240075 10062502
12476096 3312076
1468619 7638249
7558535 2483963
7323652 4609211
12199580 5952306
9606571 8235569
5214945 11224224
14032372 5967891
4158308 480537
5196742 2886420
7770292 118967
2837847 6680093
4909281 8944437
14038523 5281141
8377811 10750232
13379437 9910153
12822746 6233594
8997375 5457790
517680 11857225
7059573 7531221
19885242 12
7876213 5186734
12374572 4980207
1264128 6782528
6619360 14444535
5886593 7792192
2172846 11172384
4009006 3369398
6333314 12335044
19545686 3131623
17009952 18229918
1680916 17922292
5675825 5615950
14853471 47
12531924 4433198
17702520 12622881
10426576 10568064
3300982 7842524
11186853 2719568
5684273 1402849
179870 117481
17996986 4043629
7477379 1297766
7112632 6516975
19648998 5890427
17161536 3908754
5559267 7998905
2016287 1654304
805864 12864507
3740501 12508252
13630576 1610258
19897073 14413203
10822638 7552667
19612077 3511748
2270342 6979353
14304861 2543335
7499459 9425983
3275779 700908
2639590 14374379
8706231 3411887
254766 5755759
4882763 8735052
18276827 6290456
8004674 5264207
7175711 8769474
11739921 8020365
11306429 8189798
10094439 2152556
4602269 3428095
13974957 11625607
626143 5023963
17572295 2684771
13924225 13204003
3673711 8998204
8033278 10151399
13000096 2212028
16153618 2629888
3481750 12047126
11124266 8334696
1823434 1323612
8177831 12305879
8041200 36
18623656 2673060
6455842 4952322
1658706 5036484
4314806 3673850
16301147 426946
10545447 7667677
13037231 4586454
15974178 7110103
2962322 2738142
16898887 7953305
1929789 4116705
15276653 277635
16145355 1864291
13405985 7556936
12403971 5035176
1607463 4551664
6536922 6700503
11295295 7591607
12711929 3408791
12673892 5026948
10324978 6455178
11743011 7443968
11986473 2964015
3470933 5761897
17366192 4523508
9910099 1402795
16308201 5590760
11344999 5402443
6308372 6878205
7798099 904541
13271184 6247891
11817818 6399577
17066317 1097541
15530467 5265155
5029338 4688368
2137824 4908344
5330086 37
17674538 39483
12573636 2625033
10309056 3707347
5548145 1429898
18158350 1263313
19292728 4162255
917311 526886
18345735 965096
3898312 3062932
13627117 2808052
11490446 4175780
13595068 5329938
18078060 4841826
5425369 1423391
2745523 383817
11905832 3175728
16900844 76331
2225098 1637021
3602429 3601213
1812566 2649237
13034043 176987
1814959 1444540
2210691 5267421
17660254 822247
4324720 1188474
782683 4819799
9816523 2991015
10662029 285388
3905110 4203578
7914654 4139791
12562521 1710533
9612629 4787790
9802381 1815615
2981101 2083980
17781384 4567646
15750577 757123
2770583 3098898
9768506 8
6196086 8994234
9625578 838600
10543939 2006430
3279049 9573014
11042498 1288090
17656367 8773063
12222077 6942611
19043165 231706
16705378 90
14258818 10113838
17046512 9437504
14377230 11412022
13801662 9394886
962271 14856043
14712777 13209459
2680152 1776911
9644456 7298650
17800736 3094565
13802913 16331079
5012701 475213
10735142 12563246
18092935 5435655
3207274 13392470
5480536 1460049
16012085 535057
9765820 16354807
19512715 11684946
11814811 15506099
2047942 13763904
2952576 1324161
12055276 666985
15983912 3561514
11361498 15987045
17705890 3198187
10724863 11797572
2778048 15815496
4161627 3784193
18462295 1672890
842601 2053803
15839724 3179928
17726322 4989080
14419 5504315
6917927 4340240
11995878 5340227
8824540 10941730
19994494 15240125
5431772 1157295
18541848 13935549
14812785 13284877
13519242 13707835
8004226 2802089
1287337 14846154
18586474 15724975
10348478 9763395
5552596 8629294
3542634 9045626
18222817 9484600
9466156 11835505
12048380 8793735
18602747 6007822
14642719 14534115
18885490 10120708
7005032 1203977
5918042 13408315
12236909 1473193
10342117 7607058
17591218 2915089
12416331 12343212
14604423 9576036
16002846 2683530
1110201 13473081
15050597 976502
10777326 9067326
2024658 9063300
15047276 13355159
16062861 1061486
14450587 2565094
13258406 7344241
14560512 16403417
17299476 12553200
8738863 11629752
13622662 4865231
10548960 16428132
11519152 5760369
11432862 12574907
14517182 7015223
10375861 6771255
2497246 3291549
15801579 10758167
4765168 12759692
5073003 9918328
18109799 9445476
3711474 9840787
3784563 12119664
1023425 6004403
8419297 12225666
6447624 4735674
399649 10561552
10066374 6196348
14571205 17
10810303 44214
14748008 11128196
16561245 744013
13172796 8499347
18278906 805325
17017008 11737451
11536402 14038763
1428204 9363573
14244061 12102274
15556236 2833432
15950504 14261604
10395053 6062370
8630662 2320287
3773364 2898813
11195411 6924472
18170052 8159911
15324461 7802841
8890673 78
15656270 8560644
6605347 8568214
2141824 997485
19050448 4060354
16730107 5404426
11838283 1733058
6112927 4229040
10708007 4714983
15181895 7271481
15531628 7258345
15365961 2410682
5962799 2199569
16171196 6961019
7247564 3691530
4259635 4538757
3054686 7586349
11743831 6134056
15280363 8649815
15989877 2661441
10590501 7412415
1357084 352160
726939 8410392
16674957 3559971
6315641 470657
12265900 6290894
10579053 2047107
14779082 3301218
14999937 3287648
2497712 1740957
12535437 3179244
1431953 4264415
16265050 7004411
12720294 7070501
15551519 8279073
19277553 4636456
1590257 3449458
5316361 5998480
132046 7198538
12020110 5919311
4199389 6330192
8626547 5757165
17710238 777135
13065570 4279255
15953933 8522793
9810302 2615661
2363274 7380192
10416022 5607210
13984201 5614967
14889265 801819
6540803 3136696
5336368 3947437
848637 3404457
7957054 451103
18596883 6017465
17719378 7564061
3488141 4433911
16360778 2786917
1805877 2840090
1225223 5022456
8895621 3460482
16235179 2005432
175229 7081573
13933372 7518229
1612260 1573134
5649201 7709699
6720194 6624147
14876123 8749259
2993043 2101561
4407760 5738585
9151255 5879842
8194428 928719
3884867 6975144
9886990 771833
11492991 4044720
8412111 6307455
579748 5805461
16472871 7342761
19102729 5702907
9556014 90
12285220 5010909
18140312 789359
7014698 1668395
195823 4081315
3304419 4429950
5414704 3637283
924131 3359849
11468824 6439598
17412032 2602444
18186690 8577772
16846997 2640270
2996943 5299022
6849943 7318636
17500111 8358930
4083302 1379108
2967378 3397261
11740212 3999291
1505954 658618
9969521 5488377
19897170 7566280
13368963 3714176
5947325 6894796
886795 5367539
6196654 2378207
17223317 2206313
13286161 8050039
10054542 1198770
3359193 1015800
2694133 3317563
18600334 1506674
13127269 5835887
3626159 9360612
10649930 8030747
14415113 4374780
8967263 3727606
19285626 8092225
5556698 6041376
14389341 2461916
13481429 9058808
18091721 145116
929715 255185
8333550 1957736
9790069 4074825
7035148 8300196
16227722 6839355
8762370 1577776
18052060 5082879
18527055 6178930
18577144 8946109
13051535 6394801
7266128 1092649
16676507 1041617
9310717 515210
12855306 2135731
13642779 5383769
9549983 5404780
12986911 1438796
12093832 398235
2324252 5751503
9536256 3914523
1555151 7012432
1963321 1752667
12780843 4426335
4486481 6193621
5257839 5641476
16614512 6814392
17676548 764366
6759665 6149652
2561083 2414109
9895038 9061715
2701481 5861352
11318801 6367177
19342531 8507014
2719643 316909
15479689 4993125
17906821 2260492
657192 287053
2389400 6461784
8816027 4933330
7534316 9191627
17786751 3451547
7119978 8009268
9465743 6795415
19746334 6160233
11586762 6821541
17195983 4701812
14522040 5898606
19900881 9218351
14410705 5566759
19082117 3033360
11747956 28
2114629 3318983
18258482 3316658
13828416 10491204
15117509 7774019
8834078 7965026
4640997 7362269
6324528 9668175
1521460 10369016
18488472 11331714
18068179 5513109
2459394 2635899
9615350 8851822
4284527 7077840
14370712 2191071
4682272 1891651
19538981 842190
5506231 3907803
8870722 1093687
8064129 5925438
18993354 10220753
7660402 10370136
10174934 3762190
17245976 341477
2303195 8753358
16572039 2060298
698049 4281606
12198565 5691276
18599660 2842949
197394 95
13367462 104754
2993961 19894
17999742 34375
12105482 98601
5957400 8252
13292335 179209
7007848 48217
9582319 143577
8585173 173460
12278187 104495
10297431 9341
14425714 1039
2865789 130863
10655078 154064
13288627 94879
15516101 134982
9027164 78400
17960928 105814
5151439 97615
17741461 74951
139573 100088
1607573 54648
5794938 82415
4691909 14946
17087269 46457
2602131 195964
15607245 121847
5223517 126669
9824303 190831
1193911 185649
10384411 60693
6396597 183133
4837602 114355
15048198 117295
16918027 122754
2524895 162127
5093480 48693
11010186 178970
13700819 105607
16749096 75305
10656193 48323
18026318 61121
334621 11798
5889852 61979
3101172 149506
4015250 110371
10042728 6218
5528666 15144
1558312 75017
3534273 165513
10550188 167565
11284242 80905
10001987 50337
19227753 63791
6469486 79502
13944874 140734
7961349 80573
2323283 17196
7998362 15441
13214493 73738
12545821 184662
12806182 133316
254257 82335
9589723 52109
6451339 84468
11918033 85794
9220364 112701
12911789 109092
15328038 98817
16282654 193453
2603979 68663
14613249 50692
16589550 5164
5003266 119996
17180316 44468
18669851 183124
2469614 194544
9386889 100344
1506903 74327
19796738 41043
7872727 40146
6604743 71226
11507723 180207
19958159 61889
18589784 122798
17133663 151480
3041820 14022
5924338 84981
12487835 106740
18158254 143953
14401863 151520
16322117 66846
11828705 51225
6100146 165312
12291860 120298
9095106 41
6210422 1089666
9171442 184787
17613440 3315837
7352161 6391248
8156688 7761009
17255284 5047885
6111796 7873925
3710770 388333
13745922 6720675
9859075 2626478
15617009 851622
12576965 3974313
1069279 5558662
10777546 7503607
10294101 6415183
12802543 8354049
10865779 4436362
13406338 2161917
4936781 2819876
1999154 8203021
16413835 5880110
12669876 6658900
18513508 8378418
15064979 7841650
19217025 7992912
14517353 4847394
1985895 8852070
17540307 6963255
9004464 7792932
6697575 1071094
11755984 2054343
12928270 2902149
734899 5176123
18057309 4269286
1016551 8245437
19710835 6144789
8371661 6566592
6345246 6252981
18660883 8049348
15335985 8444176
7635735 6602291
12610134 54
2365010 10502233
16443766 8755922
1087378 2040769
5686557 9409564
12325840 8236303
19961938 3538500
6359201 5238565
10571511 4444070
13603480 9727223
16644361 12457856
11261449 11865423
10499675 5686819
10394119 2683594
15823385 2511014
4070012 2037163
14990279 439985
15102364 5198838
10276451 10717256
11863177 10664655
17375201 11298937
16101571 505387
7968041 3780277
18350164 8109568
14854866 9584393
12775597 11221987
13857390 11253612
4625305 738873
18489735 4633997
18607680 939621
4787506 8675818
14281876 9563332
10690584 218001
1162611 6565967
8557628 10800814
44057 153279
14736651 3417810
11923800 8516079
8204122 9299688
17184392 4899480
15808034 4766721
7978930 7454763
6010835 7155821
18816051 7828529
17615934 8573189
16596618 2275270
15560384 1159073
8609299 4675865
2887502 7505580
3139587 2105968
2127042 9103699
9634177 8031126
13920943 1308230
1735228 6484512
10904153 11944624
14480671 76
12574438 813155
13009550 5526156
6609865 10584347
7704397 8833976
2673714 10056447
18329862 7876735
2402605 8083473
14758809 3313786
14297307 2893632
6775306 7506409
634635 12255798
4712160 7755649
15049292 8298439
3475848 9629120
12484339 3459110
12493139 4677890
15300777 2551421
4211612 5148914
11742058 3665737
14501997 1583087
13640488 4628498
13240027 3507155
14191454 3727154
7755272 12696521
12882593 4161151
15110438 9890283
777791 12091487
39064 14330689
18122000 9254945
3708922 13995513
15475479 12492515
14604033 3004315
8642448 4814333
15171829 3379068
11587980 11359988
4761466 1224613
9288901 9175869
794857 7612958
1643653 9331397
13614619 4896490
11849126 6313296
2907857 14256997
683233 8608358
10683759 7602783
14584159 3122894
1531410 3215360
2058342 3981707
4690208 2931712
14835596 7449501
3724458 13329527
11810878 10380462
11239949 3486625
2243962 5307511
12534959 10800825
17707992 12057181
10924708 5753591
13632782 247505
1939872 11967409
18470949 1931739
381743 11238093
13604132 13611779
33925 1695017
14875808 9708899
6723732 13877735
4114402 2216931
17452415 3706445
15815067 4690455
4791015 12967054
19817080 3282095
2622534 10242458
19464461 1950513
19398582 8619584
14182879 8426975
2023151 338598
2082924 8636147
7887921 8855859
5624720 40
16895791 1264551
888051 352049
13082839 115674
8325200 4214882
9539288 924616
6384181 3732891
19733960 685897
243439 4367951
18491292 1106312
13153955 92237
10398414 534042
12307705 303300
16871555 4720928
15153259 2239682
16906982 4424756
17848562 4432353
19287551 4460109
18651157 1985569
7836635 1030305
5955729 4436614
10536782 5086037
12222464 2848664
19537518 1559060
2136374 1536817
18059978 865738
670075 5560454
12245097 4751723
17578926 2097231
7972654 1511817
13635990 3224116
8753560 769045
1415026 4028661
4014880 3337454
18782498 2084590
8939665 4368913
18137236 4307142
8561567 4414945
7949840 3791493
8191191 1120288
2502685 4490038
778300 93
5676680 746119
16796971 242688
18183565 517518
11877976 695380
4159054 572442
6440440 11099
1834744 168388
5852999 53562
2251253 686974
15690931 601817
16360118 43180
17044452 366253
3444721 715951
371465 275667
16073406 296684
3964426 342004
7092193 566563
10293430 364083
5732967 433481
1217893 215560
9803852 520086
5071950 224285
9041522 376553
15826060 710222
18175514 181250
13779301 268534
15477231 597785
17351277 247205
15826619 181236
5756245 367001
5630818 592504
10625747 31113
12940284 433669
3168815 122771
12663651 362678
18938160 259764
13152795 685914
9001165 107357
11160921 390652
2605301 123948
712831 175926
9471920 734085
18556824 528907
3597629 561490
1660918 218536
7687238 122966
7730260 33447
4580693 511826
6855976 568864
3699132 170376
2332149 314665
10648499 455480
15987997 113069
9789514 737173
9566405 709916
18117835 281792
6215585 22010
15699064 178305
8268487 471883
10740196 93127
16585255 87495
9912717 174881
19148731 231243
4699242 564424
7717736 208460
1459151 91589
18546456 700348
13380659 719342
13049589 149631
14664104 509457
10567246 633962
4380878 592308
810066 775554
8207548 358813
12152968 198529
14014348 69597
14339777 458123
8098100 576031
8530455 721587
7428697 488042
4497916 690483
16319402 290667
15859499 295486
11435539 40056
9243549 192265
10187181 491202
10201240 115542
16807780 471788
6747418 224578
17841967 673936
9209455 588991
6249918 765475
15714050 68323
17407053 18
3492468 5988972
19804039 2759019
17528897 6421891
7132212 11961012
11981109 10789256
18098085 7319839
2701575 16595654
9054334 16254216
19178057 15546445
15810901 11623119
12320816 3243994
3928804 10738138
232122 3208784
2078390 2118657
2976290 7528459
18181959 1250778
18038435 4765319
8564664 1884203
864794 43
2833190 490442
3717651 260548
4133463 237440
4920058 727996
9317526 390721
15630558 56356
7720573 218201
6070152 567570
4870697 19665
11174504 2938
11970905 802854
14551991 689592
12817595 714004
115047 82527
5332321 674607
7474211 8228
5090814 733869
13009131 157714
15537811 302498
7547174 516820
19754603 92874
13384032 17078
4863085 24155
1304078 490682
10082124 662415
18350331 117197
1520191 25080
10759683 584014
5960030 821558
5493345 460485
12971163 348937
7893746 466289
13663829 289660
16169014 728445
9156185 797311
10894443 284014
8413854 710171
15696454 366326
2914067 425696
15621816 145599
12438361 607822
10992502 401639
11511797 235376
1211310 36
10367475 926072
7600717 818840
16097393 310338
11794592 463202
14963736 77055
2608851 450501
6764003 1075408
15924914 810244
14159505 250305
18532937 1103660
3219354 176509
4844210 800900
9589872 1377
13648055 988449
1549176 967960
11816995 576019
1621227 1192062
4883655 257996
7811981 712492
7969252 839542
18130188 100488
6495359 1104895
15580003 1150924
17543408 692053
19406034 345553
5828601 868850
5265696 1147432
3134732 1033043
12053261 950075
18704388 225527
10944771 634366
7987046 1161825
3559159 1173348
3316600 338667
13139750 448493
11476126 481964
11879599 33
2007534 11652275
10975302 8846590
4960356 2766672
5457801 5388124
13132793 8214450
15138917 5801973
19750314 6427405
8162556 2167232
1034439 3571723
19828345 11527381
6285949 847212
855034 5323899
14762244 6515538
10375945 2053300
8039884 4049551
16899347 10144435
19152378 314514
7588083 4460581
16664205 6513771
3219946 4730739
12319114 5978340
9762149 2571790
10274774 1620570
3986 2990083
16393219 6094723
5621899 3739066
16147138 8427533
3891073 9386369
756071 1718927
8044801 9027615
14193145 2343185
16902923 8712803
15450369 11759940
4102160 57
10915446 2617211
19826492 1124930
3968349 3572459
18114149 1805779
5790164 1443500
10182969 3183872
19474621 184994
17937068 547177
5529589 2809342
19143130 1104764
8006369 724367
13545289 225927
1456358 266154
17169686 2218120
7922248 279864
7046654 4081846
1788271 897245
7500349 394731
11861687 3562566
9916751 1830349
8718387 3228500
12438363 1311409
4434466 717777
1996949 2196484
15321562 1636518
670945 360636
613363 408122
12776280 1262982
5090322 1059547
2615212 2415491
1905974 8479
107623 332694
9208865 248205
15462100 3565083
15858827 3515006
4934681 826998
4217345 2945643
8955062 397024
17243674 199642
14475908 1474105
6578532 404444
1351194 3408678
16087154 1652100
9593139 1061101
5386413 2147838
2615925 810596
5588161 3498144
4804967 2952920
19219782 1828825
15515323 968176
4979724 850048
12032779 800662
11132947 3076371
17680804 956486
7910511 4085893
9898871 1309664
7835918 3052044
8113481 77
12025995 2381556
13486589 1722956
5694106 1693411
5840465 2720753
5252930 4826168
8065494 4965610
6812278 6326490
7622908 6438076
7548728 2602911
17707607 3911917
8990108 2790870
15676387 5810633
16574641 3476968
17971661 2314533
8284681 4559027
14397305 1158807
6326359 7831405
5018441 5621311
5806740 3011662
16820437 4741511
9745183 7435676
10870187 6843619
19438522 5324399
15175196 3086179
14029189 3680154
11412399 2694612
19648944 539580
3930079 6595416
9756529 5371466
5333510 5643779
5844016 4603109
994802 127675
5227778 2407306
1846404 189965
17834869 6554230
5562401 5913173
1436465 7164562
925233 528728
13889658 317633
15362102 4449612
13977170 2332704
15409959 5044804
12737180 3326149
7805127 5630309
5208004 8082220
15459907 5305439
8662185 5617896
5427430 1008578
19255915 234821
2902633 1350117
17243152 5790440
19468215 3966922
1626397 7138386
1331589 6590669
5677648 3490132
239591 2371859
9201884 1559374
35162 5326901
16194699 3165874
17417828 8103542
584446 4229752
18787980 3518872
8399600 5601151
1175934 1232650
18561322 7076369
11211765 6850217
2754456 400480
19481709 7486552
18921343 7541354
298885 5898002
19045772 5065603
13174544 6772455
6861585 3522395
51975 247015
14168394 5070247
7843726 5092674
13373346 1781590
16406352 87
1514385 12878194
5592481 8550181
9855114 4481568
6107737 8951318
8468316 16263220
3984741 4353442
16824335 8804819
11085024 9319745
2448764 13013933
7621085 13393800
5225833 8639680
2308463 15549119
18979405 2548870
13040579 1883470
16264998 4923374
17539155 1765010
17552172 2730286
49757 12887995
11103681 12728311
14760591 5638897
15279552 4337026
4316781 1272973
19635764 3229168
1756878 8223071
11657188 13160679
1992593 15992463
955377 10431913
14505316 135465
15576380 9117512
2008423 15771402
2169638 1459820
14582733 334908
10676757 3596515
4503962 10603660
9733508 1096681
5449884 15638638
6810057 6643917
16167925 13545208
8282609 13382268
276451 10862246
10653890 10856782
9745530 2861893
2015743 11903827
9488037 15343631
12364149 1174891
10207326 2877636
14559586 9404424
19304402 198048
8642828 1566458
16469916 1597045
8970946 849688
3562303 11349343
9152450 13773203
1401431 2632363
8014343 4484563
9945421 16253399
8994296 5590843
4052623 16278006
2142616 13913554
13372723 15244198
18434041 12472705
19878305 11177875
18911180 12311527
5353299 6827166
2536967 803017
5102431 2037074
1749418 518084
4459680 7980179
17399360 14810718
19097601 3334714
2039510 7503670
12114104 3580433
267968 9196590
1014369 6780810
3077071 12961111
7180029 9483872
12224477 7947299
2641100 1546783
388224 14122529
3607529 11909226
6449179 9421292
8547520 2657501
4311124 1547505
16167461 12305227
10857728 9321869
2060822 11235787
13630059 4358242
2194945 92
17474148 688175
18337196 953304
16912660 851089
16272705 1928746
15935905 509640
12514804 331090
16519675 1712395
2683884 917077
17307484 329551
6900324 1485719
9050752 1978013
19906964 6879
10266306 1555463
17255306 362721
12708695 1451022
2211278 1334980
5399041 1607798
16950915 1186495
19182570 1315526
12489098 2113896
9339774 952347
4261692 413345
10909593 1020776
3880386 835523
17760063 457624
19477434 1634858
9579147 163267
2002479 159008
18693724 388016
15300559 475041
270918 1964731
16541567 1459742
2988493 2071598
1894772 353044
881047 1208859
6321816 492904
2192774 963469
3781568 893132
1615036 1976056
14026204 1442142
17711594 289294
19493459 622632
8493862 1523252
7902544 1879276
6244735 708257
11054605 1959501
4495604 429788
17917618 1111411
13069110 819694
17797969 1953800
3538966 990115
4586366 663023
8218869 107283
13820710 493448
18394698 1021052
571238 1279150
4058002 604981
16483906 1618758
14323084 405296
19012675 835587
8403811 413638
6421901 443338
3067179 218116
256152 964486
15399689 2152845
7574208 1144040
7600827 1746120
18288225 1164764
13322997 112236
4859507 1424224
4749879 54620
18507511 187757
3961720 1725053
11160839 923352
6761422 382429
9711198 178242
8197316 1253951
4661711 84377
1083539 1472668
11511577 938239
14210845 1819891
811040 109933
7560528 2159713
17916131 1346146
17128356 975452
1633703 1537510
8655924 506667
4278893 911423
6455458 2084565
14691105 907010
4047032 436500
6624813 1530182
6291902 89
4076886 3208945
4889771 2959561
4518020 1121597
6135862 5045068
12455330 5134417
16485195 5573214
6663996 4293804
15460172 4503255
1543806 1961375
16019390 5411796
13157032 4259000
12089779 2821474
417669 6221907
10459946 5515153
15122791 2963990
9746920 347984
15460231 1973607
3407920 895499
10503408 2575732
16829192 983345
17229098 6031839
16233539 5900729
11886012 3516760
17374294 1887057
499475 3001141
16408558 2515375
5416627 4025339
17351899 607343
10450503 3667338
19580347 5874003
2662844 1848438
16050325 1349695
1758503 5862352
9413818 4667561
18690167 3512454
19083583 2638041
2099337 2563588
18427949 3634200
1659786 3048348
11729328 4471922
8010863 974283
17489948 4945219
8090668 3890576
14554563 2433724
8744022 5580399
15789474 4001515
18041990 4279933
1834973 4377033
15253861 1120910
9664082 6022989
13950990 3113463
7899261 1500050
19199004 3184849
19255115 4317409
1281232 1636881
579921 2293787
2358787 259089
8068324 3509170
16625311 2522052
13023641 3660698
16202044 2367374
4071435 2519705
5468408 3490521
6437495 162048
10844442 2193763
17885474 1963695
14256078 147275
17928196 5002295
3906582 4725384
17760994 259445
8414106 2405621
10230479 2684376
13898855 2367317
19137214 2696386
17816788 3899546
12731674 688253
10548770 4390470
13621353 477025
4392333 4514249
1610439 3768964
16309502 2835560
11687615 114224
18082509 2073823
7555678 1155126
2405813 62227
8197847 6248696
13739902 5943892
17976827 3724597
19807394 2396690
11884150 84
15026591 6443603
8557017 7260258
10763456 7976496
10650374 6178199
5242561 11792681
1179076 8948283
8687823 10867774
7136267 7889803
7549616 11363463
3879228 47665
13497725 11845913
16157786 2583244
3976432 3394559
12828342 3193835
18953528 9592391
2472596 4968456
17580777 2031013
6141442 6676119
8433663 4611448
10796887 5821795
7887135 1792609
10042823 9868576
2582443 10092714
6457838 10482437
17773620 3412592
16017041 11352138
14719632 11868087
805528 1332733
19947592 2926048
1503419 5103345
12219495 9168123
7943268 11363906
10907721 10458136
2008696 7000179
1448602 10160210
11552629 9369688
10354440 11559048
6710707 9065081
13000015 6167287
9761860 5478072
18585690 1895112
14325522 7466403
5077676 3259090
4410771 8626855
6960107 143993
16139697 2603090
1954889 3212214
11650852 4504560
18022479 6882790
10928389 6343003
8164890 10793457
12369595 5050280
11235652 10090392
8173293 10135219
12552531 1973253
15499026 11024155
1479539 1396445
4297722 2322165
13741395 5076880
12103949 4964136
7189596 616384
11460506 6585278
13932115 5151962
10486960 8569065
845651 957605
13942518 5514060
6600657 10680687
11301531 7041167
14823345 4656948
320197 4615386
19246605 6875985
3546390 4304984
12962944 8466556
19473562 7028952
7595098 3516567
18427462 7575175
14964538 10132510
13918094 8626969
18305030 9736920
15389813 3970712
5360987 10422613
1133606 9729455
2523819 11139711
8324567 5037242
918693 32
9059334 370328
10776014 789296
10371893 540626
9777096 873204
1725696 246460
8039661 434794
15335853 596412
7216409 740337
16264832 285867
6079336 223858
4900191 658360
203568 123908
12725015 775396
16205263 659158
7434111 559781
16575513 683034
15315865 161639
19894166 381532
16087684 138451
15210134 461163
2947229 606279
4857120 684694
13514798 339422
13143169 107703
15021689 621919
205456 172247
17567059 833117
9881504 735969
1708543 254790
17007253 511172
1396393 165082
793886 757956
17429560 58
18879507 2504758
11571261 4675377
4259137 1887684
7171859 10984188
9850110 4706920
15867514 7224002
15922651 17373126
19989552 1516509
13209341 8608318
10894824 8720396
3943280 10513609
8813483 14414497
7015906 5025306
8303701 4891186
15769519 8593401
6372305 4853132
17507022 14621206
15989003 8268864
12069944 11054147
12686879 9546509
13735597 2713156
15428830 16037239
16367699 6649053
7235695 10253736
16079989 8865809
4282408 7125772
11717590 7604846
1151987 16228845
18779827 11016389
15402351 2715060
15816338 9103945
2170548 11376703
16898146 15207804
6523126 15240680
17153897 15532717
6381107 3494949
16693485 2376545
18699945 10328337
17331549 11949763
4834164 11279437
7053465 3172518
15009542 14212966
4673700 2496031
9804917 16907194
11335215 6363149
16202823 13282611
15278429 13810705
10264002 13675654
17131982 8022190
11039086 14700479
15995837 17112727
12105458 15541481
3276175 2266433
16109112 2847463
8220392 5441401
16955193 13486667
6682112 11647424
19865890 7762598
9364647 81
14514589 4221648
12712976 2416071
11854052 1324906
18799015 6718852
10218955 8712125
14945203 2027349
12726668 9126100
17897461 7388012
14826859 972782
15720670 7530383
13820168 8086568
8341642 6480738
16871842 8563134
11347192 8367815
19303165 8446886
12374514 4130363
14638866 1084274
7616499 7390537
5470585 5194417
1451802 9125751
3770341 4081862
7736661 6072576
1339885 4079583
14613535 5517058
14410916 4831955
2860964 1626929
9109697 9179799
1704803 5002460
7118006 1993308
16790264 5338927
8804832 8460472
150357 2628569
14919779 69496
9772962 542784
1519307 2247152
12511993 1311769
18005698 5448537
13809574 3537127
14742967 8847965
17725176 8230775
11681343 8615574
3536398 5719519
11773408 5910551
7992780 5253592
17937701 2492387
12616774 7419254
3910364 2344349
17147425 5285549
4224655 119406
7779014 3413777
2544848 4971875
17541953 4932840
19835426 4722161
212030 8275218
3193909 8773900
6660724 8029671
1747402 4680160
15360377 7406066
14628369 3698412
7117915 1263819
15814711 3729613
14145212 3018501
4376189 2565807
8715601 4538189
18090359 9124813
170523 6775248
1317372 6898886
8272517 7969843
9768294 1563996
15373150 1008825
13090157 2061204
18121853 5589133
2873841 7134578
15219804 3212984
7055368 6698429
3267402 1752304
7280004 6312354
7267139 1932172
10157047 4997298
3707348 7539667
18769463 6635683
16274426 28
14903282 6627687
5764420 1637133
9936157 7027870
14526522 2390446
4056879 4152614
13264964 15663758
17955568 6617506
17426115 976389
19948307 8484799
19273788 4169038
9793236 198838
7323122 681297
4097835 15402163
3479526 5731659
2159340 11823037
6340820 10556298
11582715 8286519
15653984 15726621
14790983 13450453
5636275 7267175
15639447 14602404
9524351 9476933
17868258 12998989
16322059 14633146
4727419 1956635
3894810 11933018
8951790 13640644
7731749 16147621
4010382 85
7405673 516585
10844987 2797215
10254840 1854571
9719806 3022827
914191 1720463
19621419 2594543
9496381 1292010
10609793 2363993
14529870 2750085
8294102 3103705
18781677 437283
17079558 1900286
8061748 3787060
12551602 1171523
16994856 2715244
1088534 2587861
17118801 1704280
17082001 733423
16853175 168292
19558767 1128478
7084204 3710876
17971268 1659571
11488479 2291518
12778074 2811334
12057360 848623
17514883 2474063
9617938 2357609
16043704 2840934
18590152 2563323
9754982 204619
3929143 2693732
16503810 2533810
10431922 2050088
19050023 1483210
3221880 219208
15440610 3378847
17395278 3595382
14662639 1011409
16153050 3357806
12337679 889664
9760092 1975690
13318004 3551008
12918014 3010001
15732726 3330915
3585546 3274406
15357941 148388
2866937 2060771
11722696 1145072
3972200 2307070
9513721 1925195
10728742 2833117
6475018 941022
3544721 2111737
1395175 2664375
14641696 2154794
15000464 1294355
15235386 3608799
14098549 862727
9732940 1315579
5108314 2979886
19912639 2169519
2949834 1667377
6149965 1849016
11681101 2041463
14579000 2248310
11772282 3842300
8461827 538965
6461936 1869791
13220794 3341056
18294868 2891012
12737802 3740108
3282292 156117
9997776 3428547
6097974 815511
8800460 3292096
11621260 2742635
6010945 1198882
7723774 2595307
8533298 2791889
2270043 3267204
3392620 3403780
6983874 265073
123161 2837846
3956091 1919708
9553514 3505622
8994560 88
9732574 1255654
19507830 3399596
13467754 5907859
13937047 1043927
3533539 1900820
17857528 2465276
8742697 6927448
7981213 3165422
3778389 1899148
18361481 3405781
8763549 5444249
6649538 3087430
13280788 4319219
13422607 477542
9771557 8487338
16036316 2570453
848323 1158555
14704851 3325179
7946826 8753093
12058894 152578
13383822 920474
9661482 5874310
18512522 6312060
7183240 5820194
11360650 5699618
16220574 4458546
17274634 8424319
7976231 3130401
1821426 1917229
13247030 8765303
1574221 3720922
9878017 1261435
15527724 6578271
12384729 5961120
1199062 4487496
13964009 4387917
11736750 4708123
10479270 6186946
18897166 5438316
3529901 6516322
537238 2506495
11188831 4375757
15698277 897545
8627439 4266197
19372994 7040481
4334376 707407
4359434 8885581
15653491 565566
18120882 7126383
10337667 3560803
19033164 7767310
17357587 353788
10770936 8879124
17175102 6988171
631573 3477452
11398868 8052013
13963439 6726542
9601261 6469767
6306510 2490863
5256888 6086810
16888313 2007575
11201823 5654841
17547911 4305951
2926243 3104265
1685373 1046527
7269366 8366100
14668755 239126
10789822 7556690
8807904 5749154
16764182 6715845
9792779 2568140
4393996 5459865
10953689 7627857
12665527 8274628
1955077 655520
1573285 414331
8050469 3792766
10519065 3913281
18202705 8740793
3877923 6081924
15035309 2524890
6060383 3427149
5671844 1509318
14945760 7298390
10702743 7150393
13890279 7371865
335472 3019957
2644192 4156533
13416983 33
634573 12317859
3567788 2541702
5362330 12870664
15395040 244129
8862596 5932275
3539627 2132209
154342 6721938
13170690 10808453
13731007 9873056
12598467 8934071
11274125 8221491
5484557 8400268
619361 3561690
18829251 9933938
17984936 350437
11659116 3828656
6127364 8809038
17423849 12023699
19568978 7374947
9409007 11977386
17505721 59136
19610527 6712002
16681774 178391
1172958 11514718
4460262 9505848
2309890 6558752
4710026 990758
16199098 1027669
93543 7128378
8122525 6852537
9798638 503230
5805735 7308102
18352815 11166915
4093867 87
16293607 1086484
12588599 2157674
11045846 1997401
9165317 3463253
1968560 1860349
2147804 3653388
3122671 657932
4553293 3823992
8101771 3820819
11782065 2320288
14144943 921449
9488563 2929847
3885101 1866795
13625369 1325935
14442752 1039437
19692941 1033971
18656155 3347677
19144105 1507047
3631447 3945444
4881382 1702414
13124262 925688
5585080 3347207
16849350 1822220
2035379 313710
2436088 1260983
16371344 3062669
1570779 2791665
10280182 1254050
10381357 3089119
13035986 1028841
15617743 3367223
7407054 3443442
19194233 3142822
942504 450935
1401861 2383750
4845069 879680
18821437 2023834
6862494 3639149
18678055 2186940
16573313 1273435
19408567 4013015
6157798 3355877
13290006 1577824
3997026 2149280
17937444 121289
9909490 3901048
5756334 1704531
10954294 3862948
2971211 1559889
7879079 975513
1575437 785318
9581316 558379
11415375 1599091
4924451 4055846
5268454 534801
8979467 177145
9368078 1015989
3573129 1735296
15664390 3279153
14729811 1240941
12037163 1532899
2825214 1721503
11160297 2610230
18818381 2796803
12256262 1255798
12362677 3916827
15531151 4090206
4561353 2392707
14683062 3480005
9000886 1430564
349485 2747011
14319817 3520299
14351062 3202185
16388338 960529
18682643 4056312
11688263 3712084
213224 2419492
3146335 431578
4208386 2947817
16146279 125574
1995374 3536598
8923607 725670
16462311 2638003
10264016 3012312
9533448 3218743
8708386 4056839
19793825 506503
3878941 98
15025353 3457935
7800840 3305961
1521859 3440741
13158066 350083
14538817 712741
7254725 3785385
11737266 2949100
17203851 3444534
2536136 2002286
7096218 2493917
6101102 3556121
17398707 3093344
4697337 903325
3607237 3141299
2180041 889600
13631893 1209078
17058909 1846163
11847626 488534
2151757 3417207
3398126 715308
5857941 3397687
616710 3651549
17502626 644493
8638199 3762867
15747163 768526
12513974 3192570
19091265 2924697
3605210 1026924
7491080 2902558
5002029 3338166
10715730 880651
3252024 3741786
14566859 2495582
1085414 2792238
1703161 748010
3930284 3039095
18929259 3197135
16680993 3028169
19428446 2867883
7144065 724846
5904623 2914361
12659842 2921431
7769484 730335
12828532 364014
9966044 1204825
7404023 1295973
16129184 859871
12073171 2711605
10362226 675845
2338873 1571094
13625651 3875066
3148777 1336935
3903377 3812598
14415139 2320209
11979789 519258
15277921 1669172
990606 1838249
19699849 1910966
14129748 2813165
12875835 1107574
19791401 3529717
9045773 1937006
1403673 1815140
15855509 1661
9666725 3564706
11940867 3718340
12213698 1935340
8106316 2459994
10355658 697853
10206781 3460562
15181833 1383723
8573326 3389919
17790345 2872482
13897186 843084
17681566 2947113
5494928 615438
10771050 2581955
19506227 1046906
14063911 3697991
1007207 2428793
6325775 1447434
17033674 1315817
16114955 411674
1356910 2167169
2333095 532769
3777556 826425
8256704 3297570
15405708 3265421
5281002 1662848
8712406 2602409
14882124 1773043
16972012 2218862
8141738 525927
3688419 3672718
11066599 2776392
17370053 2973771
16072131 1159340
12927400 1250399
13124748 27
19580894 9825111
2163933 9017481
5890760 8212609
10420766 9160008
2857059 178472
6671652 417570
1313100 3571692
2270153 4505508
4030780 1367852
10723470 4956383
11992617 6352401
10305659 9867220
15113610 12554021
3088587 12515379
1628503 12778178
8400090 8272736
13888897 316955
19521251 6671577
6983599 1666582
17766368 4754687
4784305 6262139
17259032 5925007
254175 2096912
19620958 12885516
10902111 6833947
18906157 9052191
224365 11238581
18009474 28
9187450 2583608
4513323 6811204
8458796 6210488
4050459 4735991
12850762 71342
678307 10053924
11048006 4358821
5398272 4076856
17503258 10694358
3042376 15360665
9347321 4622513
7927774 6255120
103038 11316418
17751087 8604307
8796531 6470536
3109321 9749134
5698366 16336481
2563689 13985792
11392387 9028713
12533753 4452244
261934 339583
3312872 11151611
5731328 1953946
8610353 7594399
19954202 16901296
8920325 14713874
14205271 13315235
4081694 4077393
6116620 4
6203288 575526
8053209 3536335
17083631 4288392
9414203 1649253
1869747 90
18510298 1420101
8565429 482769
7767799 1395202
16084397 124075
10132480 953502
6639083 972403
5541469 1812237
2190979 1334039
12806257 1854765
15204121 1781459
8200582 529605
18282890 1516400
16235293 801459
1413876 688955
11159436 478775
11177533 1013845
16861222 28890
3332408 1647784
19399188 1128343
9232009 1111887
18458901 224795
14976314 26319
7126796 311109
11355438 64308
9820865 1832601
11703327 1841074
10286359 1096218
17184796 971422
10408495 1747482
15503476 645842
7058369 1015630
18093324 1043890
3076825 146544
10366035 1180012
16386289 1617691
9651025 1412722
4127070 223242
16772641 491409
19502868 1681021
7913459 1238782
18393877 771128
18810694 357879
11935514 829374
2905432 1379986
6505979 1818941
7392967 1300255
8964976 1678572
7552951 901460
16994101 880443
3972490 985138
18619018 1247386
15785419 1509282
9756930 537836
5163176 521306
8819591 879359
16985632 626818
3590926 30173
8173284 1732815
2030994 896991
18512122 1374781
4280952 309447
9871725 501462
7372822 765378
324304 839533
5771699 977178
12505278 431375
7131535 1693995
14169954 1485801
9118214 1377646
13442834 354241
17221979 1697272
5014667 1750163
13381543 857283
10002357 1036693
15780148 1377671
11679598 752327
4252988 1061740
17059624 1023399
370340 179980
2551333 732449
7309856 284078
5850409 1378455
6762642 706834
14053648 127223
4659799 710529
811325 1376605
7453887 93765
3908835 654704
7538917 1727472
1889697 184435
12290375 65
15579363 6950386
8911955 4881530
12438978 7284086
6362108 9028520
8185342 6859033
7435062 1305490
9135997 9827237
13660778 2994841
12263984 8266863
212409 6760047
18366426 11104283
2896180 4280305
11516582 9228040
11925180 3010933
18390842 6889465
9868285 1791251
16668130 9251044
13110988 113700
10986907 8480339
19189729 1953095
18241291 4811002
12372500 10338343
1267846 3593859
14579078 5188573
12490317 763589
6996922 348126
9442572 6703456
19428487 5437281
14348297 302223
12246916 2879502
9939994 2031601
18513875 3638821
12396307 7554716
10627496 5912535
10273409 5270452
5939961 2144794
10134594 5250011
11058199 3159662
8770159 6824123
12710568 926318
14042025 11501199
5534185 5369452
12418960 1012864
14906490 2266376
12625517 1692369
14398722 2464342
6914848 7370767
17255011 9109498
3720403 10127685
11616897 2986131
9830391 9414481
7551127 1054339
4123728 9645485
7461547 7239229
19658082 386113
14874703 9264129
595468 1140399
856100 1836196
17135686 2691021
1541823 3340273
5610348 5898881
4180279 2618905
15234266 1493717
1610010 3351981
15949169 6942265
17161584 61
2201476 14389482
7090598 1278574
4744301 13889877
16714729 16982502
4493238 15489654
7074366 10149386
5976906 10204791
6758082 7822868
7552713 10246720
19941413 1984016
2963893 10354571
3004399 9692552
1923219 10679478
7105875 8246342
16472189 12631392
11410684 14813100
6076737 8717620
15886283 1055402
5154860 14089351
19380999 1085601
1952159 235219
14585268 16020079
11201801 11388215
15527765 1070642
6160918 9778972
16367355 13238733
407166 7457922
15264780 4776159
6267285 5537652
3076081 484528
3575074 8068238
6452748 9757245
16257720 8313862
3021099 1838313
8640884 10575460
8230929 6695072
18969844 12635536
13923615 12594510
5256659 1586991
3169484 1443080
19353143 2529458
9713052 17149746
2948564 13855867
19746435 9618806
11112664 6827787
1076556 6308664
6595503 4278517
1885314 4167283
11759049 14455040
582805 942920
703017 11684972
12205117 4953483
3135293 1484873
16652256 4182599
18850553 10025871
16767059 3676608
17469563 13114074
9839884 16339405
13473545 8266730
19464873 2381510
15290639 12792638
14261535 93
9027353 3026675
8960489 8911232
5435932 8369075
2349279 11217203
8024382 8152825
6083479 12277896
15577648 4836175
17366934 7642354
19161171 13825429
18523708 381784
9779893 10638689
14288436 4628760
8294273 10987105
4985013 668756
667281 5841699
13055121 929746
4307781 12235787
14051 9755596
4369243 8114113
16802047 1311444
3795108 1938607
19131426 2510849
19880514 13481086
6995612 2669622
6942173 4766581
220568 7532368
16512673 12305859
2327833 3638555
2033132 9701283
1193952 8992595
12880348 4712986
13039685 3284350
6703129 1865216
14525987 3049802
3238968 6209414
11731082 10400844
13903998 5845626
13016620 1826831
12928658 5871377
3227451 11317816
3792187 210760
17528325 11755537
13432616 2028939
18974889 12007631
14125473 728471
7457665 10464238
14566152 12078207
2228608 10771077
8515266 256445
3049047 9380599
16239581 8452280
12089831 13696290
12375675 10997614
13651842 4623918
11690526 9669503
7000295 1806745
8679206 12817339
8550084 2050948
11477309 11507566
16638806 10821925
4361568 5555951
6935432 10327662
17668289 6380650
18658581 10433699
17884558 8390974
5889857 14180398
10415210 8215192
13306166 3918739
14335794 11883108
1506035 1871112
11958054 11732148
15735298 6868741
17089787 9549254
9485862 7946730
11030673 10394659
3067381 6506846
13081992 11516854
5466149 9422093
14951259 7041649
19178 11619485
9573920 6460111
14239376 3858852
19953896 10959041
1122645 10955330
11306873 7996517
14732935 1182934
9272368 2470792
18282907 13856626
968680 11888981
17193199 14216880
10260201 10339418
16872725 13437240
19093244 6443289
10310353 19
14074597 1971868
11271649 10235963
11407487 9905184
11423053 2491158
2207803 7347331
15310834 4947114
8422729 390436
15389783 8009798
1550787 5538894
6310321 9597730
10366559 3378288
13085511 5325526
15766979 2147909
7503797 6040613
1247213 4737185
11199657 689871
4052838 2989890
6179844 2106372
13558454 6063130
9880432 37
15222096 2201332
15288675 335785
3957245 9720614
10206448 1006079
10556349 3516880
18267802 4406914
18912955 3509805
1759593 3684314
6946541 3779415
14096732 5824893
19091340 6818417
19353321 504266
11631687 1384998
5388691 457321
10897504 7679306
6192052 9227520
5304725 4107600
18801961 6718778
16656330 1645429
5311508 8950313
9200524 1983639
12775005 475481
17904832 3931479
12920617 2404374
12551885 8366819
13524819 9762332
5684498 5926948
19252809 5791632
4896568 7686625
4081598 3311151
4909366 4645587
18229386 7197570
8791764 8505828
7545300 9035511
13796739 5396117
10374794 7584151
1003009 9345207
4295665 22
5184128 4106539
18340416 3451001
12359993 3878273
9815760 1889490
19156695 2793635
9861072 780460
15907705 1652167
8557656 2387756
11903384 4175916
1403993 4202448
9716638 984963
5979991 2875229
965565 878079
17119601 2428659
402151 4004283
18606325 679862
607968 2456131
7393805 2056861
14957109 778698
1372467 2295106
13293762 2173648
5771243 2298232
17866307 56
19455941 11152837
14034262 11335719
3701581 8177659
2826666 9025375
14561533 599490
9589630 17782238
9484308 14587100
4565443 7572077
9582932 9217883
18511617 8044682
12404560 11033372
13193563 15978241
6618966 8042926
13729358 3920268
286428 14958776
7189496 147472
16293730 13181712
7660277 3288411
6474990 6825689
1375704 15132816
5543853 10016016
16041952 8790553
14369860 2084407
18109713 2911295
5873610 12798235
3190788 687886
3669867 14847253
1781666 2531436
16773422 3760752
9581478 14210747
16409571 5070605
459616 6806898
5492767 13551854
10164561 13348657
3630625 15970513
10081073 14844615
17974545 12475443
9946642 7265621
14881498 13204628
7988764 14826688
7094560 10091154
5259470 936617
8522420 4633871
16307213 14497523
8397066 16336263
2361929 527198
4938117 3119987
11359198 15796662
11340373 16175531
17385486 17095912
964786 15834612
3168409 1000826
16737669 3823866
14635006 10635576
2686008 680336
11417778 3706527
310530 64
5707588 214531
13296992 206760
6768987 308242
8855598 95267
2993526 261813
15140108 140542
8611793 307858
9457647 37407
10407872 73215
5572852 105582
18443853 175219
15117809 218548
18688903 87732
5198675 218299
9892790 61746
10192735 228942
14094859 272878
15360413 255204
18526358 227335
16706141 270235
2111978 223986
15669569 43373
11408915 250776
18052203 54974
4066420 239013
17078358 59929
9672340 51319
4555834 291343
17346714 7886
8732817 40671
18484510 50360
12458003 141626
16522782 22789
564725 250745
1035643 102182
4895624 279756
16855859 113461
9218000 274998
19581217 14442
17355402 292236
10194341 178028
19136765 46020
493725 177947
2244097 190855
11430667 201142
18691541 44401
8907378 12696
9149962 120960
10055020 258288
6756189 284570
3453241 81744
5706289 87438
14893187 205526
18228945 178759
9301687 195716
11249304 127331
14713584 43834
15799474 179155
12138139 159579
7101128 84066
2427191 15924
5417482 303030
16298303 106035
12603376 148536
2208014 61
18671042 1244526
13399341 440390
7379810 1697480
17689131 1244474
3190841 1261474
8176582 1634347
9987863 2051442
10856240 86037
18039430 1010254
1542788 826290
5354009 932455
9775363 1841671
17370270 2055762
8239878 452479
19611853 699640
18923301 930645
2063917 542613
16280548 1818769
17453278 1948960
8372231 526683
10278507 2189756
8040294 1552958
11729473 491124
11159579 1606754
10735715 645594
14962187 1012003
6129135 771705
16165558 1953972
19752677 1750810
12133159 1732522
4214171 767015
17835005 956562
2465194 848358
818601 1032539
17786767 1786741
8423114 2173997
5694913 1216359
11618469 1264869
7475714 501648
11735276 148500
11254704 1649339
15421817 1068954
451255 1937754
11552335 846691
3120400 1233233
15700432 127853
12397979 168850
4183622 1914581
11757017 549029
7341726 137478
13742021 516491
7751380 1842506
9113077 1188403
18368919 1436606
18364813 676693
2671787 911743
10120686 479372
10921281 659568
17383338 2019757
17362972 965335
18052855 440780
