52157014
78380424
84901538
131173303
90452053
65987908
78024836
62377190
44266209
147671453
141478401
117230566
176580627
61935187
65057529
28428819
38247525
65470695
35451015
119365074
117498253
89986169
44562850
89083656
91456762
129212219
50894651
148705491
83458576
95235098
142230399
102494133
127898384
70978456
130341764
118136158
123140637
143769625
80475634
129216470
96209615
70482528
127496210
109782949
170293326
151865379
148692857
93750436
65553068
103373637
113738816
84572383
116951647
144335562
122338153
112927262
116417463
61318157
57149987
25967877
144641668
155036298
138909975
145689246
65725521
108127404
58145566
102320131
149344825
101161352
